fam_name	# chemicals	# level specific chemicals	# med plants
Blandfordiaceae	1.0	0.0	0.0
Eupteleaceae	0.6383	0.3404	0.0213
Strelitziaceae	0.75	0.125	0.125
Hydrostachyaceae	1.0	0.0	0.0
Marsileaceae	0.8571	0.0952	0.0476
Mystropetalaceae	1.0	0.0	0.0
Selaginellaceae	0.8338	0.1508	0.0154
Lardizabalaceae	0.8275	0.1616	0.0109
Coriariaceae	0.82	0.16	0.02
Marantaceae	0.9015	0.0909	0.0076
Mastigophoraceae	0.8571	0.1429	0.0
Convolvulaceae	0.7609	0.2218	0.0173
Gunneraceae	0.6667	0.25	0.0833
Ginkgoaceae	0.7652	0.2323	0.0025
Akaniaceae	0.6667	0.3333	0.0
Loxsomataceae	1.0	0.0	0.0
Calophyllaceae	0.6911	0.301	0.0079
Campanulaceae	0.8324	0.1503	0.0173
Hydnoraceae	0.75	0.0	0.25
Takakiaceae	1.0	0.0	0.0
Cardiopteridaceae	0.9231	0.0769	0.0
Gesneriaceae	0.7804	0.2162	0.0034
Lauraceae	0.7944	0.1962	0.0094
Araceae	0.8627	0.1049	0.0324
Gentianaceae	0.7861	0.1897	0.0242
Lindsaeaceae	1.0	0.0	0.0
Symplocaceae	0.6407	0.3413	0.018
Leptostomataceae	0.6	0.4	0.0
Myricaceae	0.8936	0.0952	0.0112
Loasaceae	0.8947	0.1053	0.0
Hypodematiaceae	0.5	0.5	0.0
Ancistrocladaceae	0.5486	0.4514	0.0
Potamogetonaceae	0.7209	0.2791	0.0
Adoxaceae	0.7709	0.2119	0.0172
Droseraceae	0.9418	0.0265	0.0317
Gnetaceae	0.7832	0.2104	0.0065
Lythraceae	0.8794	0.1038	0.0168
Clethraceae	0.9643	0.0	0.0357
Salviniaceae	0.8689	0.1148	0.0164
Phellinaceae	0.7679	0.2321	0.0
Bataceae	0.6667	0.0	0.3333
Phrymaceae	0.9751	0.0207	0.0041
Araliaceae	0.7166	0.2714	0.012
Rhizophoraceae	0.7592	0.2285	0.0123
Burseraceae	0.7605	0.2185	0.021
Pyramimonadaceae	1.0	0.0	0.0
Phytolaccaceae	0.7075	0.285	0.0075
Annonaceae	0.7342	0.2599	0.006
Basellaceae	0.8202	0.1573	0.0225
Dipteridaceae	0.8	0.2	0.0
Leucodontaceae	1.0	0.0	0.0
Thesiaceae	0.9444	0.0278	0.0278
Thelypteridaceae	0.875	0.1146	0.0104
Torricelliaceae	0.991	0.0	0.009
Radulaceae	0.6557	0.3443	0.0
Siphonocladaceae	1.0	0.0	0.0
Iridaceae	0.737	0.25	0.013
Misodendraceae	1.0	0.0	0.0
Diapensiaceae	0.9529	0.0471	0.0
Funariaceae	0.9835	0.0083	0.0083
Coulaceae	0.5455	0.3636	0.0909
Woodsiaceae	0.8667	0.1333	0.0
Marattiaceae	0.8824	0.1176	0.0
Cymodoceaceae	0.7407	0.2593	0.0
Apocynaceae	0.6912	0.2946	0.0142
Tetrachondraceae	1.0	0.0	0.0
Cyperaceae	0.751	0.2375	0.0116
Blasiaceae	0.75	0.25	0.0
Nanodeaceae	0.6364	0.3636	0.0
Pottiaceae	1.0	0.0	0.0
Paeoniaceae	0.6746	0.3075	0.0179
Pycnococcaceae	1.0	0.0	0.0
Picramniaceae	0.6618	0.3382	0.0
Leeaceae	0.8462	0.1538	0.0
Mazaceae	0.5	0.5	0.0
Garryaceae	0.9485	0.0412	0.0103
Chenopodiaceae	0.8698	0.1196	0.0107
Canellaceae	0.7774	0.2104	0.0122
Jackiellaceae	0.8219	0.1781	0.0
Amphorogynaceae	0.5	0.5	0.0
Moraceae	0.6987	0.2897	0.0116
Acanthaceae	0.7649	0.2185	0.0166
Smilacaceae	0.7895	0.1955	0.015
Frullaniaceae	0.8802	0.1138	0.006
Lepidoziaceae	0.7148	0.2852	0.0
Ceratophyllaceae	1.0	0.0	0.0
Styracaceae	0.7822	0.1956	0.0222
Nyssaceae	0.8163	0.1735	0.0102
Restionaceae	0.9333	0.0667	0.0
Ulotrichaceae	0.6667	0.3333	0.0
Meliaceae	0.6708	0.3243	0.0049
Alseuosmiaceae	1.0	0.0	0.0
Cyrillaceae	0.5	0.5	0.0
Thomandersiaceae	0.75	0.0	0.25
Byblidaceae	1.0	0.0	0.0
Nymphaeaceae	0.8025	0.1401	0.0573
Staphyleaceae	0.8304	0.1518	0.0179
Haemodoraceae	0.625	0.3594	0.0156
Pedaliaceae	0.8104	0.1784	0.0112
Himantandraceae	0.75	0.25	0.0
Bixaceae	0.6116	0.3636	0.0248
Elaeagnaceae	0.8869	0.1018	0.0113
Zamiaceae	0.975	0.0167	0.0083
Onocleaceae	0.8264	0.1597	0.0139
Juglandaceae	0.773	0.2103	0.0167
Calyceraceae	0.973	0.027	0.0
Crassulaceae	0.831	0.15	0.019
Porellaceae	0.7824	0.213	0.0046
Oleaceae	0.7617	0.2173	0.021
Cupressaceae	0.7791	0.2095	0.0114
Ranunculaceae	0.7327	0.2524	0.0149
Equisetaceae	0.8284	0.1324	0.0392
Peraceae	0.5625	0.4375	0.0
Podocarpaceae	0.8952	0.1021	0.0027
Dryopteridaceae	0.8011	0.1818	0.017
Derbesiaceae	0.5	0.5	0.0
Krameriaceae	0.6337	0.3465	0.0198
Orthostichellaceae	1.0	0.0	0.0
Stemonaceae	0.6182	0.3766	0.0052
Cistaceae	0.8795	0.1014	0.0192
Cephalotaceae	1.0	0.0	0.0
Begoniaceae	0.8621	0.1379	0.0
Saururaceae	0.8382	0.1522	0.0097
Asphodelaceae	0.8009	0.1876	0.0116
Crossosomataceae	0.7692	0.2308	0.0
Didymochlaenaceae	0.8571	0.1429	0.0
Menispermaceae	0.7643	0.2203	0.0153
Orchidaceae	0.7871	0.1988	0.0141
Papaveraceae	0.7444	0.2418	0.0139
Hedwigiaceae	0.6154	0.3846	0.0
Hymenophytaceae	0.6522	0.3478	0.0
Anisophylleaceae	1.0	0.0	0.0
Violaceae	0.8214	0.1429	0.0357
Orthotrichaceae	1.0	0.0	0.0
Eucommiaceae	0.9082	0.0867	0.0051
Plagiogyriaceae	0.6667	0.3333	0.0
Menyanthaceae	0.8049	0.1707	0.0244
Goodeniaceae	0.8438	0.125	0.0312
Sphaerocarpaceae	1.0	0.0	0.0
Cannabaceae	0.8579	0.134	0.0081
Hydrophyllaceae	0.8	0.2	0.0
Cynomoriaceae	0.9175	0.0619	0.0206
Passifloraceae	0.8704	0.1073	0.0223
Ophioglossaceae	0.8146	0.1756	0.0098
Ebenaceae	0.8584	0.1229	0.0187
Calceolariaceae	0.8295	0.1705	0.0
Trigoniaceae	1.0	0.0	0.0
Portulacaceae	0.7462	0.2462	0.0076
Verbenaceae	0.777	0.2085	0.0145
Ptilidiaceae	1.0	0.0	0.0
Dioncophyllaceae	0.6444	0.3556	0.0
Pandaceae	0.8636	0.1364	0.0
Asparagaceae	0.71	0.276	0.014
Daphniphyllaceae	0.645	0.3511	0.0038
Scapaniaceae	0.814	0.186	0.0
Amborellaceae	1.0	0.0	0.0
Corsiniaceae	0.5667	0.4333	0.0
Rutaceae	0.7343	0.2558	0.0098
Salicaceae	0.8019	0.1787	0.0193
Gymnomitriaceae	0.7551	0.2449	0.0
Tovariaceae	1.0	0.0	0.0
Urticaceae	0.8726	0.108	0.0194
Penthoraceae	0.5	0.0	0.5
Hypnaceae	0.7872	0.2128	0.0
Davalliaceae	0.9651	0.0233	0.0116
Olacaceae	0.7097	0.2903	0.0
Metteniusaceae	0.6129	0.3548	0.0323
Capparaceae	0.8724	0.1103	0.0172
Quillajaceae	0.7	0.2	0.1
Zosteraceae	0.84	0.14	0.02
Euphorbiaceae	0.7367	0.2462	0.0171
Acrobolbaceae	0.5385	0.4615	0.0
Actinidiaceae	0.8942	0.0873	0.0185
Marcgraviaceae	1.0	0.0	0.0
Nyctaginaceae	0.7915	0.1922	0.0163
Lepicoleaceae	0.7778	0.2222	0.0
Musaceae	0.8175	0.1715	0.0109
Philydraceae	0.9	0.1	0.0
Degeneriaceae	0.8	0.2	0.0
Drosophyllaceae	1.0	0.0	0.0
Dendrocerotaceae	0.6667	0.3333	0.0
Caryophyllaceae	0.7373	0.2433	0.0194
Araucariaceae	0.8432	0.1405	0.0162
Pittosporaceae	0.8898	0.102	0.0082
Nephroselmidaceae	1.0	0.0	0.0
Taccaceae	0.5845	0.401	0.0145
Blechnaceae	0.8867	0.1	0.0133
Calycanthaceae	0.7705	0.2049	0.0246
Splachnaceae	1.0	0.0	0.0
Nartheciaceae	0.9211	0.0526	0.0263
Solenostomataceae	0.8741	0.1259	0.0
Rhizogoniaceae	1.0	0.0	0.0
Columelliaceae	0.9167	0.0833	0.0
Anthocerotaceae	0.7027	0.2973	0.0
Monocleaceae	0.85	0.15	0.0
Osmundaceae	0.8235	0.0588	0.1176
Caprifoliaceae	0.7987	0.1895	0.0118
Hamamelidaceae	0.9143	0.0686	0.0171
Rhachidosoraceae	0.6316	0.3684	0.0
Neotrichocoleaceae	1.0	0.0	0.0
Balanopaceae	1.0	0.0	0.0
Cornaceae	0.7578	0.2195	0.0226
Eupomatiaceae	1.0	0.0	0.0
Bonnetiaceae	0.9474	0.0526	0.0
Hyacinthaceae	0.7738	0.2155	0.0108
Santalaceae	0.7251	0.2689	0.006
Combretaceae	0.7876	0.1959	0.0166
Lecythidaceae	0.7186	0.2335	0.0479
Amaryllidaceae	0.7848	0.2025	0.0126
Dunaliellaceae	0.9259	0.0494	0.0247
Commelinaceae	0.9238	0.0476	0.0286
Dicksoniaceae	0.9412	0.0441	0.0147
Montiaceae	1.0	0.0	0.0
Brassicaceae	0.7627	0.2238	0.0136
Athyriaceae	0.95	0.025	0.025
Pylaisiadelphaceae	1.0	0.0	0.0
Pteridaceae	0.8373	0.1529	0.0098
Xyridaceae	0.9762	0.0238	0.0
Cercidiphyllaceae	0.9375	0.0625	0.0
Lunulariaceae	0.9667	0.0333	0.0
Saccogynaceae	0.625	0.375	0.0
Gisekiaceae	0.6	0.2	0.2
Amaranthaceae	0.7858	0.1754	0.0388
Fossombroniaceae	0.9333	0.0667	0.0
Lanariaceae	0.9286	0.0714	0.0
Geraniaceae	0.9086	0.062	0.0294
Cabombaceae	0.5	0.0	0.5
Alstroemeriaceae	0.973	0.0	0.027
Lepidobotryaceae	1.0	0.0	0.0
Martyniaceae	0.5682	0.3864	0.0455
Trichocoleaceae	0.6721	0.3279	0.0
Costaceae	0.7419	0.2043	0.0538
Irvingiaceae	0.7778	0.1111	0.1111
Biebersteiniaceae	1.0	0.0	0.0
Ximeniaceae	0.5714	0.381	0.0476
Fabaceae	0.6779	0.3003	0.0218
Trebouxiaceae	0.6	0.4	0.0
Tetraphidaceae	1.0	0.0	0.0
Plantaginaceae	0.805	0.1845	0.0105
Dennstaedtiaceae	0.8722	0.1194	0.0083
Polygalaceae	0.7287	0.2642	0.0071
Grimmiaceae	1.0	0.0	0.0
Brachytheciaceae	0.9811	0.0189	0.0
Balanophoraceae	0.8704	0.1296	0.0
Linaceae	0.8167	0.1722	0.0111
Theaceae	0.6902	0.3052	0.0046
Liliaceae	0.7604	0.222	0.0176
Heliotropiaceae	0.8692	0.1179	0.0128
Thymelaeaceae	0.7769	0.211	0.0121
Caricaceae	0.9191	0.0588	0.0221
Muntingiaceae	0.7761	0.209	0.0149
Sphagnaceae	0.6	0.4	0.0
Boraginaceae	0.8675	0.1148	0.0177
Fritschiellaceae	1.0	0.0	0.0
Nitrariaceae	0.6138	0.3704	0.0159
Paulowniaceae	0.5943	0.3975	0.0082
Prasinococcaceae	1.0	0.0	0.0
Gleicheniaceae	0.7947	0.2	0.0053
Balsaminaceae	0.7135	0.2753	0.0112
Polemoniaceae	0.9538	0.0308	0.0154
Nephrolepidaceae	0.7895	0.1579	0.0526
Wiesnerellaceae	1.0	0.0	0.0
Chlorellaceae	0.7757	0.1776	0.0467
Pallaviciniaceae	0.85	0.15	0.0
Dioscoreaceae	0.8075	0.1655	0.0271
Lycopodiaceae	0.6188	0.3768	0.0044
Ehretiaceae	0.8306	0.1532	0.0161
Pelliaceae	0.7231	0.2769	0.0
Lepidolaenaceae	0.8333	0.1667	0.0
Balantiopsidaceae	0.6667	0.3333	0.0
Cactaceae	0.9002	0.0873	0.0125
Siparunaceae	0.8333	0.1333	0.0333
Rubiaceae	0.7801	0.2073	0.0126
Aquifoliaceae	0.7905	0.1976	0.0119
Simaroubaceae	0.7696	0.2143	0.016
Loranthaceae	0.9224	0.0517	0.0259
Sciadopityaceae	0.8871	0.1129	0.0
Hernandiaceae	0.8125	0.1875	0.0
Gyrostemonaceae	0.9811	0.0189	0.0
Anemiaceae	0.9091	0.0909	0.0
Bignoniaceae	0.7785	0.2021	0.0193
Scrophulariaceae	0.8234	0.1617	0.0149
Posidoniaceae	0.9868	0.0	0.0132
Conocephalaceae	0.9024	0.0976	0.0
Aristolochiaceae	0.8129	0.1677	0.0194
Griseliniaceae	0.9722	0.0	0.0278
Halimedaceae	0.8056	0.1833	0.0111
Aytoniaceae	0.75	0.25	0.0
Oocystaceae	0.973	0.027	0.0
Jungermanniaceae	0.5645	0.4355	0.0
Monimiaceae	0.9524	0.0408	0.0068
Datiscaceae	0.8909	0.0909	0.0182
Mamiellaceae	1.0	0.0	0.0
Rosaceae	0.8238	0.1512	0.0249
Pentadiplandraceae	1.0	0.0	0.0
Dicranaceae	0.6875	0.3125	0.0
Herbertaceae	0.9905	0.0095	0.0
Hylocomiaceae	1.0	0.0	0.0
Valoniaceae	0.5	0.5	0.0
Atherospermataceae	0.8511	0.1277	0.0213
Proteaceae	0.7984	0.1938	0.0078
Blepharostomataceae	0.5517	0.4483	0.0
Lentibulariaceae	1.0	0.0	0.0
Platanaceae	0.7027	0.2703	0.027
Apiaceae	0.745	0.2381	0.0168
Dichapetalaceae	0.5472	0.4528	0.0
Welwitschiaceae	0.5714	0.4286	0.0
Resedaceae	0.9558	0.0265	0.0177
Hydrocharitaceae	0.7083	0.1458	0.1458
Didiereaceae	0.8846	0.1154	0.0
Bromeliaceae	0.9192	0.0707	0.0101
Achariaceae	0.7938	0.2	0.0062
Dasycladaceae	0.7273	0.2727	0.0
Sapindaceae	0.7719	0.2062	0.0219
Rhamnaceae	0.7634	0.2167	0.0199
Ochnaceae	0.6	0.392	0.008
Myristicaceae	0.7857	0.2093	0.005
Adelanthaceae	0.713	0.287	0.0
Loganiaceae	0.8188	0.176	0.0052
Poaceae	0.7679	0.2046	0.0276
Anastrophyllaceae	0.7965	0.2035	0.0
Bryaceae	0.9053	0.0737	0.0211
Asteraceae	0.6751	0.3113	0.0136
Fouquieriaceae	0.9839	0.0161	0.0
Piperaceae	0.7518	0.2372	0.011
Bathycoccaceae	1.0	0.0	0.0
Winteraceae	0.7547	0.2264	0.0189
Polypodiaceae	0.8321	0.1536	0.0143
Berberidaceae	0.8068	0.1764	0.0168
Ericaceae	0.8384	0.1454	0.0161
Lygodiaceae	0.831	0.1549	0.0141
Microteaceae	1.0	0.0	0.0
Riellaceae	1.0	0.0	0.0
Melastomataceae	0.8077	0.1692	0.0231
Icacinaceae	0.8791	0.1099	0.011
Calypogeiaceae	0.8495	0.1398	0.0108
Rhabdodendraceae	0.9091	0.0909	0.0
Typhaceae	0.8447	0.1326	0.0227
Iteaceae	0.8	0.2	0.0
Cannaceae	0.6809	0.2979	0.0213
Magnoliaceae	0.8444	0.1449	0.0108
Grossulariaceae	0.8634	0.1148	0.0219
Altingiaceae	0.8791	0.0879	0.033
Ulvaceae	0.8643	0.1041	0.0317
Aulacomniaceae	0.9375	0.0625	0.0
Plagiochilaceae	0.7121	0.2879	0.0
Limnanthaceae	0.7576	0.2424	0.0
Clusiaceae	0.7329	0.258	0.0092
Elatinaceae	1.0	0.0	0.0
Trentepohliaceae	0.5	0.5	0.0
Cephaloziellaceae	1.0	0.0	0.0
Nepenthaceae	0.8947	0.0526	0.0526
Bartramiaceae	0.9589	0.0411	0.0
Cephaloziaceae	1.0	0.0	0.0
Neckeraceae	0.6	0.4	0.0
Chloranthaceae	0.7629	0.2268	0.0103
Cibotiaceae	0.902	0.0882	0.0098
Vahliaceae	1.0	0.0	0.0
Cunoniaceae	0.9474	0.0526	0.0
Linderniaceae	0.5758	0.3636	0.0606
Goupiaceae	0.9882	0.0	0.0118
Mniaceae	0.902	0.098	0.0
Polygonaceae	0.8223	0.1491	0.0286
Cytinaceae	1.0	0.0	0.0
Cleomaceae	0.866	0.1082	0.0258
Tectariaceae	1.0	0.0	0.0
Dilleniaceae	0.8765	0.1049	0.0185
Betulaceae	0.8251	0.1539	0.0209
Dipterocarpaceae	0.8437	0.1476	0.0087
Scenedesmaceae	0.8387	0.129	0.0323
Onagraceae	0.9024	0.0662	0.0314
Zingiberaceae	0.7323	0.2534	0.0144
Ricciaceae	0.95	0.05	0.0
Podostemaceae	1.0	0.0	0.0
Crypteroniaceae	0.8333	0.1667	0.0
Pandanaceae	0.8253	0.1667	0.0081
Dichotomosiphonaceae	0.8732	0.1268	0.0
Myrtaceae	0.8484	0.1373	0.0144
Eriocaulaceae	0.7031	0.2969	0.0
Penaeaceae	1.0	0.0	0.0
Entodontaceae	1.0	0.0	0.0
Elaeocarpaceae	0.6842	0.2632	0.0526
Oleandraceae	1.0	0.0	0.0
Gyrothyraceae	0.9667	0.0333	0.0
Namaceae	0.925	0.05	0.025
Cordiaceae	0.7615	0.2308	0.0077
Thuidiaceae	1.0	0.0	0.0
Centroplacaceae	1.0	0.0	0.0
Casuarinaceae	0.8551	0.1304	0.0145
Dictyochloridaceae	0.6667	0.0	0.3333
Chlamydomonadaceae	0.9536	0.0429	0.0036
Celastraceae	0.7026	0.2902	0.0072
Hymenophyllaceae	0.6322	0.3678	0.0
Frankeniaceae	0.5	0.5	0.0
Hydrangeaceae	0.7981	0.1784	0.0235
Surianaceae	1.0	0.0	0.0
Juncaceae	0.6374	0.345	0.0175
Metzgeriaceae	0.7805	0.2195	0.0
Mayacaceae	1.0	0.0	0.0
Hypericaceae	0.7496	0.2406	0.0097
Malvaceae	0.8037	0.1643	0.032
Physenaceae	0.5	0.5	0.0
Lamiaceae	0.7099	0.2763	0.0138
Taxaceae	0.6459	0.3484	0.0058
Primulaceae	0.7678	0.2167	0.0155
Makinoaceae	0.6316	0.3684	0.0
Pontederiaceae	0.7222	0.2667	0.0111
Paracryphiaceae	0.6	0.4	0.0
Fagaceae	0.9379	0.0444	0.0177
Anacardiaceae	0.8748	0.1024	0.0228
Alismataceae	0.7013	0.2825	0.0162
Haloragaceae	0.8571	0.0714	0.0714
Pleuroziaceae	1.0	0.0	0.0
Buxaceae	0.6724	0.3196	0.008
Lejeuneaceae	0.5865	0.4135	0.0
Aptandraceae	0.8667	0.1333	0.0
Lennoaceae	1.0	0.0	0.0
Chrysobalanaceae	0.8487	0.1261	0.0252
Cladophoraceae	0.8438	0.1562	0.0
Codiaceae	0.9481	0.039	0.013
Sarcolaenaceae	0.85	0.15	0.0
Salvadoraceae	0.8906	0.0781	0.0312
Asteliaceae	1.0	0.0	0.0
Gomortegaceae	1.0	0.0	0.0
Hydrodictyaceae	1.0	0.0	0.0
Simmondsiaceae	0.8317	0.1584	0.0099
Juncaginaceae	0.9868	0.0	0.0132
Cystopteridaceae	0.9825	0.0175	0.0
Chlorodendraceae	1.0	0.0	0.0
Arecaceae	0.8489	0.1253	0.0258
Lophoziaceae	0.9846	0.0154	0.0
Asteromonadaceae	0.5	0.5	0.0
Strombosiaceae	0.7273	0.2727	0.0
Dipentodontaceae	0.8966	0.1034	0.0
Bryopsidaceae	0.6111	0.3889	0.0
Limeaceae	1.0	0.0	0.0
Haematococcaceae	0.9865	0.0	0.0135
Caryocaraceae	0.6667	0.3333	0.0
Dumortieraceae	0.8914	0.1029	0.0057
Stilbaceae	0.9583	0.0	0.0417
Picrodendraceae	0.88	0.12	0.0
Lophocoleaceae	0.6545	0.3455	0.0
Gelsemiaceae	0.5607	0.431	0.0084
Zygophyllaceae	0.7254	0.2358	0.0389
Asaraceae	0.867	0.1159	0.0172
Austrobaileyaceae	1.0	0.0	0.0
Colchicaceae	0.8402	0.1533	0.0065
Myodocarpaceae	1.0	0.0	0.0
Moringaceae	0.7512	0.2297	0.0191
Sphenocleaceae	0.9251	0.0749	0.0
Sabiaceae	0.7831	0.2169	0.0
Solanaceae	0.7479	0.2372	0.0149
Schistochilaceae	0.7778	0.2222	0.0
Orobanchaceae	0.8205	0.1671	0.0125
Talinaceae	0.5	0.4	0.1
Leucobryaceae	1.0	0.0	0.0
Ulmaceae	0.8659	0.1034	0.0307
Erythropalaceae	0.6667	0.3333	0.0
Hypoxidaceae	0.7262	0.268	0.0058
Viscaceae	0.8129	0.1645	0.0226
Oxalidaceae	0.759	0.1988	0.0422
Myrothamnaceae	0.8	0.0	0.2
Fontinalaceae	0.6667	0.3333	0.0
Polytrichaceae	0.68	0.3	0.02
Stachyuraceae	0.9038	0.0962	0.0
Aneuraceae	0.6471	0.3529	0.0
Humiriaceae	0.6	0.4	0.0
Selenastraceae	0.6667	0.3333	0.0
Cucurbitaceae	0.7653	0.2136	0.0211
Characeae	0.9762	0.0238	0.0
Nothofagaceae	0.9732	0.0268	0.0
Ephedraceae	0.8991	0.0865	0.0144
Trimeniaceae	1.0	0.0	0.0
Velloziaceae	0.7049	0.2951	0.0
Myliaceae	0.525	0.475	0.0
Aizoaceae	0.9388	0.0408	0.0204
Aspleniaceae	0.8852	0.0926	0.0222
Acoraceae	0.7981	0.1946	0.0073
Polyphysaceae	1.0	0.0	0.0
Haplomitriaceae	0.5	0.5	0.0
Vitaceae	0.8654	0.1064	0.0282
Aphloiaceae	0.6	0.2	0.2
Vochysiaceae	0.7391	0.2174	0.0435
Melanthiaceae	0.7084	0.2731	0.0185
Pinaceae	0.7938	0.1886	0.0176
Plumbaginaceae	0.8373	0.1446	0.0181
Connaraceae	0.625	0.25	0.125
Trochodendraceae	0.96	0.04	0.0
Malpighiaceae	0.7716	0.2037	0.0247
Caulerpaceae	0.7581	0.2312	0.0108
Petiveriaceae	0.8113	0.1698	0.0189
Erythroxylaceae	0.6473	0.345	0.0078
Schisandraceae	0.6368	0.3569	0.0063
Cervantesiaceae	0.8491	0.1509	0.0
Saxifragaceae	0.8648	0.1254	0.0098
Polyblepharidaceae	0.8	0.2	0.0
Sapotaceae	0.8442	0.1284	0.0274
Francoaceae	0.9574	0.0355	0.0071
Tamaricaceae	0.8986	0.0918	0.0097
Nelumbonaceae	0.8986	0.0994	0.0019
Putranjivaceae	0.904	0.08	0.016
Cyatheaceae	0.875	0.125	0.0
Psilotaceae	0.9875	0.0125	0.0
Phyllanthaceae	0.7478	0.2263	0.0258
Escalloniaceae	0.9636	0.0182	0.0182
Sarraceniaceae	0.881	0.0714	0.0476
Tropaeolaceae	0.9589	0.0137	0.0274
Pentaphylacaceae	0.802	0.1683	0.0297
Rafflesiaceae	1.0	0.0	0.0
Molluginaceae	0.7152	0.2595	0.0253
Marchantiaceae	0.8884	0.1073	0.0043
Targioniaceae	0.875	0.125	0.0
Cycadaceae	0.8687	0.101	0.0303
