taxon	Menthane monoterpenoids	Gallotannins	Isoquinoline alkaloids	Labdane diterpenoids	Oleanane triterpenoids	Flavanones	Lupane triterpenoids	Acyclic monoterpenoids	Furofuranoid lignans	Anthraquinones and anthrones	Isocoumarins	Neolignans	Iridoids monoterpenoids	Flavonols	Simple indole alkaloids	Kaurane and Phyllocladane diterpenoids	Quinoline alkaloids	Flavones	Pyridine alkaloids	Simple coumarins
Aptandraceae	0.0	0.0	0.0	0.0	33.33333333333333	0.0	16.666666666666664	0.0	0.0	0.0	0.0	16.666666666666664	0.0	16.666666666666664	0.0	0.0	0.0	16.666666666666664	0.0	0.0
Thesiaceae	0.0	5.263157894736842	0.0	0.0	36.84210526315789	0.0	36.84210526315789	0.0	0.0	10.526315789473683	0.0	0.0	0.0	5.263157894736842	0.0	0.0	0.0	0.0	0.0	5.263157894736842
Cervantesiaceae	0.0	0.0	35.483870967741936	0.0	0.0	38.70967741935484	0.0	0.0	6.451612903225806	0.0	0.0	0.0	0.0	3.225806451612903	0.0	0.0	0.0	16.129032258064516	0.0	0.0
Viscaceae	3.6036036036036037	0.9009009009009009	3.6036036036036037	3.6036036036036037	13.513513513513514	24.324324324324326	6.306306306306306	0.0	4.504504504504505	0.0	0.0	0.0	4.504504504504505	27.927927927927925	0.0	0.0	0.0	4.504504504504505	1.8018018018018018	0.9009009009009009
Siparunaceae	0.0	18.181818181818183	45.45454545454545	0.0	0.0	0.0	0.0	9.090909090909092	0.0	0.0	0.0	0.0	0.0	18.181818181818183	0.0	0.0	0.0	0.0	0.0	9.090909090909092
Achariaceae	0.0	0.0	0.0	44.44444444444444	11.11111111111111	2.7777777777777777	0.0	2.7777777777777777	0.0	0.0	0.0	0.0	0.0	22.22222222222222	0.0	0.0	0.0	16.666666666666664	0.0	0.0
Anastrophyllaceae	0.0	0.0	0.0	0.0	15.789473684210526	0.0	31.57894736842105	0.0	10.526315789473683	0.0	0.0	0.0	0.0	10.526315789473683	0.0	0.0	0.0	5.263157894736842	0.0	26.31578947368421
Nartheciaceae	5.0	0.0	5.0	0.0	10.0	0.0	10.0	0.0	5.0	0.0	0.0	0.0	0.0	30.0	0.0	0.0	0.0	35.0	0.0	0.0
Cystopteridaceae	0.0	9.090909090909092	0.0	0.0	9.090909090909092	0.0	9.090909090909092	0.0	0.0	0.0	0.0	0.0	4.545454545454546	59.09090909090909	0.0	0.0	0.0	9.090909090909092	0.0	0.0
Athyriaceae	0.0	0.0	0.0	0.0	28.57142857142857	0.0	14.285714285714285	0.0	0.0	0.0	0.0	14.285714285714285	0.0	28.57142857142857	0.0	0.0	0.0	14.285714285714285	0.0	0.0
Pandaceae	0.0	0.0	0.0	0.0	0.0	0.0	0.0	0.0	0.0	0.0	0.0	0.0	0.0	77.77777777777779	0.0	0.0	0.0	22.22222222222222	0.0	0.0
Bonnetiaceae	0.0	0.0	0.0	0.0	0.0	16.666666666666664	0.0	0.0	0.0	0.0	0.0	0.0	0.0	33.33333333333333	0.0	0.0	0.0	50.0	0.0	0.0
Cardiopteridaceae	0.0	0.0	0.0	0.0	57.14285714285714	0.0	14.285714285714285	0.0	0.0	0.0	0.0	0.0	0.0	0.0	0.0	0.0	0.0	28.57142857142857	0.0	0.0
Pentaphylacaceae	0.0	3.8461538461538463	0.0	0.0	50.0	0.0	11.538461538461538	0.0	0.0	0.0	0.0	0.0	15.384615384615385	11.538461538461538	0.0	0.0	0.0	7.6923076923076925	0.0	0.0
Lepidoziaceae	33.33333333333333	0.0	0.0	33.33333333333333	0.0	0.0	0.0	0.0	0.0	0.0	0.0	0.0	0.0	0.0	0.0	0.0	0.0	0.0	0.0	33.33333333333333
Anthocerotaceae	0.0	0.0	77.77777777777779	0.0	0.0	11.11111111111111	0.0	0.0	0.0	0.0	0.0	0.0	0.0	0.0	11.11111111111111	0.0	0.0	0.0	0.0	0.0
Pteridaceae	2.0100502512562812	1.0050251256281406	1.0050251256281406	1.507537688442211	3.7688442211055273	10.050251256281408	2.0100502512562812	3.2663316582914574	1.0050251256281406	2.512562814070352	0.7537688442211055	0.7537688442211055	1.7587939698492463	42.96482412060301	0.0	1.7587939698492463	0.0	21.105527638190953	0.0	2.763819095477387
Ophioglossaceae	0.0	0.0	18.421052631578945	1.3157894736842104	0.0	2.631578947368421	1.3157894736842104	1.3157894736842104	3.9473684210526314	0.0	0.0	0.0	0.0	22.36842105263158	0.0	9.210526315789473	1.3157894736842104	31.57894736842105	0.0	6.578947368421052
Torricelliaceae	0.0	0.0	0.0	0.0	0.0	0.0	9.090909090909092	0.0	18.181818181818183	0.0	0.0	0.0	0.0	18.181818181818183	0.0	0.0	0.0	0.0	0.0	54.54545454545454
Adelanthaceae	0.0	0.0	0.0	7.142857142857142	21.428571428571427	0.0	0.0	7.142857142857142	0.0	0.0	7.142857142857142	0.0	0.0	21.428571428571427	0.0	0.0	0.0	35.714285714285715	0.0	0.0
Radulaceae	0.0	0.0	50.0	0.0	0.0	0.0	0.0	0.0	0.0	0.0	0.0	0.0	0.0	0.0	0.0	0.0	0.0	50.0	0.0	0.0
Juncaceae	3.8461538461538463	0.0	0.0	0.0	0.0	0.0	0.0	0.0	0.0	3.8461538461538463	0.0	0.0	7.6923076923076925	3.8461538461538463	0.0	0.0	0.0	53.84615384615385	0.0	26.923076923076923
Restionaceae	0.0	0.0	0.0	0.0	0.0	0.0	0.0	0.0	0.0	0.0	0.0	0.0	0.0	80.0	0.0	0.0	5.0	15.0	0.0	0.0
Bathycoccaceae	0.0	0.0	0.0	0.0	0.0	0.0	0.0	0.0	0.0	0.0	0.0	0.0	0.0	0.0	0.0	0.0	0.0	0.0	100.0	0.0
Calceolariaceae	0.0	0.0	0.0	0.0	8.333333333333332	0.0	0.0	0.0	0.0	0.0	0.0	0.0	0.0	62.5	0.0	4.166666666666666	0.0	16.666666666666664	0.0	8.333333333333332
Paulowniaceae	5.714285714285714	0.0	0.0	0.0	0.0	65.71428571428571	0.0	0.0	8.571428571428571	0.0	0.0	0.0	8.571428571428571	2.857142857142857	0.0	0.0	0.0	8.571428571428571	0.0	0.0
Heliotropiaceae	0.0	2.083333333333333	14.583333333333334	0.0	5.208333333333334	3.125	2.083333333333333	0.0	4.166666666666666	1.0416666666666665	0.0	1.0416666666666665	1.0416666666666665	43.75	0.0	7.291666666666667	1.0416666666666665	8.333333333333332	3.125	2.083333333333333
Ehretiaceae	0.0	60.46511627906976	0.0	0.0	4.651162790697675	0.0	0.0	0.0	0.0	2.3255813953488373	9.30232558139535	4.651162790697675	0.0	13.953488372093023	0.0	0.0	0.0	0.0	2.3255813953488373	2.3255813953488373
Cordiaceae	1.1363636363636365	7.954545454545454	0.0	0.0	15.909090909090908	26.136363636363637	6.8181818181818175	1.1363636363636365	0.0	0.0	0.0	0.0	0.0	21.59090909090909	0.0	0.0	0.0	14.772727272727273	3.4090909090909087	1.1363636363636365
Plantaginaceae	0.7299270072992701	5.526590198123045	1.5641293013555788	3.64963503649635	3.5453597497393115	2.0855057351407713	3.3368091762252345	0.4171011470281543	1.5641293013555788	2.815432742440042	0.8342022940563086	0.7299270072992701	42.02294056308655	10.114702815432743	0.5213764337851928	0.7299270072992701	0.20855057351407716	18.561001042752867	0.5213764337851928	0.5213764337851928
Linderniaceae	0.0	0.0	0.0	0.0	25.0	0.0	0.0	0.0	0.0	0.0	0.0	0.0	0.0	0.0	0.0	0.0	0.0	75.0	0.0	0.0
Potamogetonaceae	0.0	0.0	0.0	80.76923076923077	0.0	0.0	0.0	0.0	7.6923076923076925	0.0	0.0	0.0	0.0	7.6923076923076925	0.0	0.0	0.0	3.8461538461538463	0.0	0.0
Pontederiaceae	5.0	0.0	10.0	0.0	0.0	0.0	0.0	0.0	5.0	10.0	0.0	0.0	0.0	5.0	0.0	0.0	5.0	25.0	0.0	35.0
Velloziaceae	0.0	0.0	0.0	0.0	0.0	0.0	21.428571428571427	0.0	0.0	0.0	0.0	0.0	0.0	35.714285714285715	0.0	7.142857142857142	0.0	35.714285714285715	0.0	0.0
Goodeniaceae	0.0	0.0	0.0	0.0	20.0	0.0	0.0	0.0	0.0	0.0	20.0	0.0	40.0	0.0	0.0	0.0	0.0	0.0	0.0	20.0
Clethraceae	9.090909090909092	0.0	0.0	18.181818181818183	0.0	0.0	0.0	0.0	0.0	0.0	0.0	0.0	0.0	27.27272727272727	0.0	45.45454545454545	0.0	0.0	0.0	0.0
Diapensiaceae	11.11111111111111	0.0	0.0	0.0	44.44444444444444	0.0	0.0	0.0	0.0	0.0	0.0	0.0	0.0	44.44444444444444	0.0	0.0	0.0	0.0	0.0	0.0
Cercidiphyllaceae	0.0	70.0	0.0	0.0	0.0	0.0	0.0	0.0	0.0	0.0	0.0	0.0	0.0	30.0	0.0	0.0	0.0	0.0	0.0	0.0
Eupteleaceae	4.3478260869565215	0.0	0.0	0.0	82.6086956521739	0.0	13.043478260869565	0.0	0.0	0.0	0.0	0.0	0.0	0.0	0.0	0.0	0.0	0.0	0.0	0.0
Juglandaceae	1.5151515151515151	33.33333333333333	0.0	0.0	18.181818181818183	1.5151515151515151	4.545454545454546	0.7575757575757576	1.5151515151515151	4.545454545454546	0.0	0.7575757575757576	0.7575757575757576	22.727272727272727	1.5151515151515151	0.0	0.7575757575757576	3.787878787878788	0.7575757575757576	3.0303030303030303
Aristolochiaceae	2.976190476190476	33.92857142857143	15.476190476190476	1.7857142857142856	4.761904761904762	0.5952380952380952	1.1904761904761905	1.1904761904761905	6.547619047619048	0.5952380952380952	3.571428571428571	2.976190476190476	0.0	13.095238095238097	2.380952380952381	1.7857142857142856	0.0	4.761904761904762	1.7857142857142856	0.5952380952380952
Schisandraceae	20.3125	0.78125	0.0	1.5625	4.6875	0.78125	7.8125	17.96875	2.34375	0.78125	0.0	17.96875	0.78125	11.71875	1.5625	1.5625	0.0	2.34375	1.5625	5.46875
Chloranthaceae	2.8169014084507045	2.8169014084507045	4.225352112676056	5.633802816901409	0.0	4.225352112676056	1.4084507042253522	1.4084507042253522	4.225352112676056	0.0	0.0	29.577464788732392	0.0	25.352112676056336	1.4084507042253522	0.0	0.0	5.633802816901409	0.0	11.267605633802818
Piperaceae	10.993657505285412	7.399577167019028	4.862579281183932	1.9027484143763214	10.14799154334038	12.050739957716702	1.4799154334038054	8.456659619450317	5.07399577167019	0.0	1.4799154334038054	13.742071881606766	0.8456659619450317	8.456659619450317	1.4799154334038054	1.0570824524312896	0.6342494714587738	6.13107822410148	1.9027484143763214	1.9027484143763214
Saururaceae	12.195121951219512	0.0	2.4390243902439024	0.0	0.0	0.0	0.0	13.414634146341465	1.2195121951219512	0.0	0.0	37.80487804878049	0.0	21.951219512195124	7.317073170731707	0.0	0.0	0.0	2.4390243902439024	1.2195121951219512
Mystropetalaceae	0.0	0.0	0.0	0.0	0.0	0.0	0.0	100.0	0.0	0.0	0.0	0.0	0.0	0.0	0.0	0.0	0.0	0.0	0.0	0.0
Dipentodontaceae	0.0	16.666666666666664	0.0	0.0	0.0	0.0	16.666666666666664	0.0	0.0	0.0	0.0	0.0	0.0	66.66666666666666	0.0	0.0	0.0	0.0	0.0	0.0
Chenopodiaceae	3.0501089324618738	1.3071895424836601	12.854030501089325	1.9607843137254901	19.607843137254903	2.3965141612200433	1.9607843137254901	0.4357298474945534	0.4357298474945534	1.3071895424836601	0.4357298474945534	4.57516339869281	0.4357298474945534	33.98692810457516	2.832244008714597	1.3071895424836601	0.8714596949891068	6.535947712418301	1.5250544662309369	2.178649237472767
Namaceae	0.0	0.0	0.0	0.0	0.0	10.294117647058822	0.0	1.4705882352941175	0.0	0.0	0.0	0.0	0.0	70.58823529411765	0.0	0.0	0.0	17.647058823529413	0.0	0.0
Taccaceae	0.0	0.0	0.0	0.0	33.33333333333333	0.0	0.0	0.0	0.0	0.0	0.0	0.0	0.0	33.33333333333333	0.0	33.33333333333333	0.0	0.0	0.0	0.0
Ebenaceae	0.79155672823219	2.1108179419525066	1.8469656992084433	0.0	15.03957783641161	6.068601583113456	36.147757255936675	3.95778364116095	2.9023746701846966	2.3746701846965697	1.58311345646438	0.5277044854881267	0.79155672823219	16.62269129287599	1.3192612137203166	0.79155672823219	1.58311345646438	1.8469656992084433	0.79155672823219	2.9023746701846966
Styracaceae	2.5974025974025974	9.090909090909092	1.2987012987012987	0.0	22.07792207792208	1.2987012987012987	1.2987012987012987	2.5974025974025974	6.493506493506493	0.0	1.2987012987012987	37.66233766233766	3.896103896103896	5.194805194805195	0.0	0.0	0.0	3.896103896103896	0.0	1.2987012987012987
Symplocaceae	0.0	0.0	1.9230769230769231	0.0	73.07692307692307	0.0	0.0	0.0	9.615384615384617	0.0	1.9230769230769231	1.9230769230769231	3.8461538461538463	7.6923076923076925	0.0	0.0	0.0	0.0	0.0	0.0
Gymnomitriaceae	50.0	0.0	0.0	0.0	0.0	0.0	0.0	0.0	0.0	0.0	0.0	0.0	0.0	0.0	0.0	0.0	50.0	0.0	0.0	0.0
Gentianaceae	1.8947368421052633	0.631578947368421	1.8947368421052633	3.3684210526315788	18.526315789473685	2.3157894736842106	2.736842105263158	3.3684210526315788	1.6842105263157894	0.0	0.631578947368421	0.631578947368421	8.210526315789474	16.63157894736842	1.6842105263157894	1.6842105263157894	0.42105263157894735	25.684210526315788	5.263157894736842	2.736842105263158
Limnanthaceae	0.0	0.0	0.0	0.0	0.0	0.0	0.0	0.0	0.0	0.0	0.0	0.0	0.0	100.0	0.0	0.0	0.0	0.0	0.0	0.0
Boraginaceae	2.2857142857142856	11.142857142857142	4.857142857142857	2.2857142857142856	4.571428571428571	4.0	0.8571428571428572	2.0	1.4285714285714286	5.142857142857142	1.7142857142857144	6.0	1.1428571428571428	27.714285714285715	1.1428571428571428	2.2857142857142856	3.1428571428571432	9.142857142857142	1.4285714285714286	7.7142857142857135
Goupiaceae	0.0	0.0	0.0	0.0	0.0	0.0	12.5	0.0	25.0	0.0	0.0	0.0	0.0	50.0	0.0	0.0	12.5	0.0	0.0	0.0
Verbenaceae	10.0	0.0	0.3703703703703704	0.0	14.444444444444443	0.3703703703703704	0.7407407407407408	7.777777777777778	0.7407407407407408	0.7407407407407408	0.0	0.3703703703703704	18.88888888888889	7.777777777777778	0.0	0.0	0.3703703703703704	36.2962962962963	0.0	1.1111111111111112
Hernandiaceae	0.0	0.0	70.58823529411765	0.0	0.0	1.4705882352941175	0.0	0.0	17.647058823529413	0.0	1.4705882352941175	1.4705882352941175	0.0	0.0	0.0	0.0	4.411764705882353	0.0	0.0	2.941176470588235
Monimiaceae	5.263157894736842	0.0	26.31578947368421	1.7543859649122806	3.508771929824561	0.0	3.508771929824561	0.0	3.508771929824561	0.0	10.526315789473683	5.263157894736842	0.0	12.280701754385964	0.0	0.0	24.561403508771928	0.0	0.0	3.508771929824561
Amborellaceae	0.0	0.0	0.0	0.0	0.0	0.0	0.0	0.0	0.0	0.0	0.0	0.0	0.0	0.0	0.0	50.0	0.0	0.0	50.0	0.0
Erythroxylaceae	0.0	7.6923076923076925	0.0	11.538461538461538	0.0	0.0	0.0	0.0	0.0	0.0	0.0	0.0	0.0	57.692307692307686	0.0	0.0	0.0	0.0	15.384615384615385	7.6923076923076925
Annonaceae	4.382470119521913	0.4780876494023904	40.79681274900398	1.0358565737051793	3.6653386454183265	6.055776892430279	0.4780876494023904	3.0278884462151394	2.3904382470119523	1.5139442231075697	0.3187250996015936	1.4342629482071714	0.7171314741035857	14.9800796812749	2.2310756972111556	3.824701195219123	0.796812749003984	9.083665338645417	1.0358565737051793	1.7529880478087652
Myristicaceae	9.352517985611511	5.755395683453238	4.316546762589928	0.7194244604316548	3.597122302158273	6.474820143884892	5.0359712230215825	5.755395683453238	8.633093525179856	0.0	1.4388489208633095	28.05755395683453	0.7194244604316548	7.913669064748201	2.877697841726619	0.0	0.7194244604316548	3.597122302158273	0.7194244604316548	4.316546762589928
Austrobaileyaceae	50.0	0.0	0.0	0.0	0.0	0.0	0.0	0.0	0.0	0.0	0.0	50.0	0.0	0.0	0.0	0.0	0.0	0.0	0.0	0.0
Lardizabalaceae	12.121212121212121	1.8181818181818181	0.0	0.0	62.42424242424243	0.0	4.242424242424243	6.0606060606060606	3.0303030303030303	2.4242424242424243	0.0	1.2121212121212122	2.4242424242424243	3.0303030303030303	1.2121212121212122	0.0	0.0	0.0	0.0	0.0
Lophoziaceae	0.0	0.0	0.0	0.0	0.0	0.0	25.0	25.0	0.0	0.0	0.0	0.0	0.0	0.0	0.0	0.0	0.0	0.0	0.0	50.0
Sabiaceae	0.0	8.333333333333332	0.0	0.0	50.0	0.0	12.5	0.0	0.0	0.0	0.0	0.0	0.0	4.166666666666666	0.0	0.0	0.0	25.0	0.0	0.0
Chrysobalanaceae	0.0	0.0	0.0	0.0	13.953488372093023	6.976744186046512	4.651162790697675	0.0	0.0	0.0	0.0	0.0	0.0	44.18604651162791	0.0	0.0	0.0	30.23255813953488	0.0	0.0
Leeaceae	0.0	0.0	0.0	0.0	0.0	0.0	0.0	0.0	0.0	0.0	0.0	0.0	0.0	100.0	0.0	0.0	0.0	0.0	0.0	0.0
Grossulariaceae	6.0606060606060606	3.0303030303030303	0.0	0.0	0.0	0.0	3.0303030303030303	6.0606060606060606	3.0303030303030303	0.0	0.0	0.0	6.0606060606060606	57.57575757575758	6.0606060606060606	0.0	0.0	3.0303030303030303	0.0	6.0606060606060606
Hydrangeaceae	0.0	0.0	0.0	0.0	8.19672131147541	0.0	1.639344262295082	0.0	0.0	6.557377049180328	29.508196721311474	0.0	3.278688524590164	16.39344262295082	0.0	0.0	0.0	6.557377049180328	1.639344262295082	26.229508196721312
Pittosporaceae	16.923076923076923	0.0	3.076923076923077	0.0	7.6923076923076925	3.076923076923077	1.5384615384615385	13.846153846153847	1.5384615384615385	0.0	0.0	0.0	0.0	6.153846153846154	0.0	0.0	0.0	40.0	0.0	6.153846153846154
Putranjivaceae	4.444444444444445	2.2222222222222223	0.0	8.88888888888889	37.77777777777778	0.0	20.0	0.0	0.0	4.444444444444445	0.0	0.0	4.444444444444445	8.88888888888889	0.0	0.0	0.0	6.666666666666667	0.0	2.2222222222222223
Phyllanthaceae	0.35335689045936397	19.434628975265017	0.7067137809187279	0.0	13.780918727915195	5.6537102473498235	8.12720848056537	2.4734982332155475	3.53356890459364	0.35335689045936397	4.240282685512367	2.4734982332155475	1.0600706713780919	24.381625441696116	2.8268551236749118	0.35335689045936397	1.4134275618374559	5.6537102473498235	0.7067137809187279	2.4734982332155475
Picrodendraceae	0.0	0.0	0.0	0.0	25.0	0.0	0.0	0.0	0.0	0.0	0.0	0.0	0.0	0.0	0.0	0.0	25.0	25.0	0.0	25.0
Rutaceae	6.20673191692528	2.50656481260444	3.8433993793268084	1.002625925041776	3.3659584626402483	5.72929100023872	1.814275483408928	7.901647171162568	2.458820720935784	1.2413463833850562	0.35808068751492	0.7400334208641681	0.167104320840296	14.20386727142516	1.169730245882072	0.453568870852232	17.187873000716163	9.501074242062545	0.6206731916925281	19.527333492480306
Sapindaceae	1.7647058823529411	9.803921568627452	2.156862745098039	0.19607843137254902	30.392156862745097	4.117647058823529	2.941176470588235	1.9607843137254901	1.1764705882352942	1.1764705882352942	0.39215686274509803	1.9607843137254901	1.3725490196078431	28.235294117647058	0.39215686274509803	0.0	0.39215686274509803	6.470588235294119	0.19607843137254902	4.901960784313726
Simaroubaceae	2.1739130434782608	0.7246376811594203	0.7246376811594203	0.0	14.492753623188406	18.84057971014493	2.1739130434782608	0.0	9.420289855072465	0.0	0.0	2.1739130434782608	0.0	15.217391304347828	7.246376811594203	0.7246376811594203	3.6231884057971016	13.768115942028986	3.6231884057971016	5.072463768115942
Bignoniaceae	1.4925373134328357	1.2437810945273633	0.24875621890547264	1.4925373134328357	8.208955223880597	2.9850746268656714	1.9900497512437811	1.2437810945273633	3.482587064676617	8.955223880597014	1.4925373134328357	5.970149253731343	19.402985074626866	15.17412935323383	0.24875621890547264	0.0	0.9950248756218906	21.144278606965177	2.9850746268656714	1.2437810945273633
Menyanthaceae	0.0	0.0	0.0	0.0	5.0	0.0	0.0	0.0	0.0	0.0	0.0	0.0	10.0	80.0	0.0	0.0	0.0	0.0	0.0	5.0
Polemoniaceae	0.0	0.0	0.0	10.344827586206897	3.4482758620689653	0.0	13.793103448275861	0.0	0.0	0.0	0.0	0.0	3.4482758620689653	41.37931034482759	0.0	0.0	0.0	13.793103448275861	0.0	13.793103448275861
Woodsiaceae	0.0	0.0	0.0	0.0	0.0	0.0	0.0	0.0	0.0	0.0	0.0	40.0	0.0	53.333333333333336	0.0	0.0	0.0	6.666666666666667	0.0	0.0
Fouquieriaceae	5.128205128205128	0.0	7.6923076923076925	0.0	0.0	0.0	0.0	0.0	2.564102564102564	0.0	0.0	48.717948717948715	15.384615384615385	12.82051282051282	0.0	0.0	0.0	5.128205128205128	0.0	2.564102564102564
Violaceae	3.7037037037037033	0.0	0.0	5.555555555555555	9.25925925925926	12.962962962962962	1.8518518518518516	5.555555555555555	1.8518518518518516	0.0	1.8518518518518516	0.0	0.0	1.8518518518518516	0.0	1.8518518518518516	0.0	33.33333333333333	1.8518518518518516	18.51851851851852
Dilleniaceae	16.666666666666664	5.555555555555555	0.0	0.0	8.333333333333332	1.3888888888888888	15.277777777777779	1.3888888888888888	4.166666666666666	22.22222222222222	0.0	1.3888888888888888	1.3888888888888888	15.277777777777779	0.0	1.3888888888888888	0.0	2.7777777777777777	0.0	2.7777777777777777
Paeoniaceae	0.0	23.75	2.5	0.0	22.5	1.25	6.25	6.25	0.0	1.25	1.25	1.25	12.5	12.5	0.0	0.0	0.0	3.75	3.75	1.25
Rubiaceae	3.250222617987533	1.5138023152270703	3.0721282279608193	2.13713268032057	8.54853072128228	3.383793410507569	1.914514692787177	2.4487978628673197	2.0926090828138912	20.7479964381122	0.7123775601068566	1.6473731077471059	13.446126447016917	15.805877114870881	1.5138023152270703	1.2021371326803205	1.157613535173642	9.928762243989315	0.7123775601068566	4.764024933214603
Taxaceae	2.312138728323699	1.1560693641618496	1.7341040462427744	1.7341040462427744	2.8901734104046244	4.624277456647398	1.1560693641618496	4.046242774566474	5.780346820809249	1.7341040462427744	1.1560693641618496	5.780346820809249	0.5780346820809248	19.07514450867052	0.0	0.0	0.0	44.50867052023121	0.5780346820809248	1.1560693641618496
Araucariaceae	1.0752688172043012	0.0	0.0	22.58064516129032	0.0	0.0	0.0	0.0	8.60215053763441	0.0	0.0	2.1505376344086025	0.0	0.0	0.0	0.0	0.0	60.215053763440864	0.0	5.376344086021505
Balanophoraceae	0.0	32.432432432432435	1.3513513513513513	0.0	4.054054054054054	5.405405405405405	8.108108108108109	0.0	6.756756756756757	21.62162162162162	2.7027027027027026	2.7027027027027026	0.0	4.054054054054054	0.0	0.0	5.405405405405405	0.0	0.0	5.405405405405405
Balsaminaceae	0.0	0.0	0.0	4.838709677419355	43.54838709677419	1.6129032258064515	0.0	0.0	0.0	0.0	0.0	0.0	0.0	25.806451612903224	3.225806451612903	0.0	0.0	14.516129032258066	0.0	6.451612903225806
Cymodoceaceae	0.0	0.0	0.0	100.0	0.0	0.0	0.0	0.0	0.0	0.0	0.0	0.0	0.0	0.0	0.0	0.0	0.0	0.0	0.0	0.0
Datiscaceae	0.0	0.0	0.0	0.0	0.0	13.333333333333334	0.0	0.0	13.333333333333334	0.0	0.0	0.0	0.0	73.33333333333333	0.0	0.0	0.0	0.0	0.0	0.0
Elaeagnaceae	2.197802197802198	6.593406593406594	0.0	0.0	10.989010989010989	0.0	12.087912087912088	2.197802197802198	1.098901098901099	0.0	0.0	2.197802197802198	2.197802197802198	42.857142857142854	2.197802197802198	4.395604395604396	2.197802197802198	5.4945054945054945	1.098901098901099	2.197802197802198
Elaeocarpaceae	0.0	23.52941176470588	41.17647058823529	0.0	0.0	5.88235294117647	0.0	0.0	0.0	0.0	5.88235294117647	0.0	0.0	5.88235294117647	5.88235294117647	0.0	0.0	0.0	0.0	11.76470588235294
Eriocaulaceae	0.0	0.0	0.0	0.0	1.7543859649122806	0.0	0.0	0.0	0.0	1.7543859649122806	19.298245614035086	0.0	0.0	52.63157894736842	0.0	0.0	0.0	24.561403508771928	0.0	0.0
Gesneriaceae	2.272727272727273	0.0	0.0	0.0	6.8181818181818175	11.363636363636363	2.272727272727273	0.0	0.0	31.818181818181817	0.0	4.545454545454546	6.8181818181818175	2.272727272727273	0.0	0.0	0.0	31.818181818181817	0.0	0.0
Gyrostemonaceae	0.0	6.25	0.0	0.0	56.25	0.0	0.0	6.25	0.0	0.0	0.0	0.0	0.0	31.25	0.0	0.0	0.0	0.0	0.0	0.0
Hydrocharitaceae	0.0	0.0	0.0	0.0	0.0	0.0	0.0	0.0	0.0	0.0	0.0	0.0	0.0	8.333333333333332	0.0	0.0	0.0	91.66666666666666	0.0	0.0
Iridaceae	4.615384615384616	3.5897435897435894	0.5128205128205128	0.0	3.076923076923077	5.128205128205128	2.051282051282051	4.102564102564102	1.0256410256410255	5.128205128205128	0.0	0.0	1.5384615384615385	37.94871794871795	0.0	0.0	0.5128205128205128	28.205128205128204	1.0256410256410255	1.5384615384615385
Loganiaceae	0.0	1.183431952662722	3.5502958579881656	20.710059171597635	2.9585798816568047	2.9585798816568047	1.7751479289940828	1.7751479289940828	4.142011834319527	0.591715976331361	1.183431952662722	0.0	15.384615384615385	20.118343195266274	3.5502958579881656	1.183431952662722	3.5502958579881656	9.467455621301776	1.183431952662722	4.733727810650888
Myricaceae	0.8403361344537815	3.361344537815126	12.605042016806722	1.680672268907563	13.445378151260504	24.369747899159663	2.5210084033613445	0.8403361344537815	1.680672268907563	0.0	1.680672268907563	0.0	0.0	20.168067226890756	0.0	5.88235294117647	1.680672268907563	5.88235294117647	2.5210084033613445	0.8403361344537815
Nothofagaceae	3.0303030303030303	1.5151515151515151	0.0	0.0	6.0606060606060606	4.545454545454546	3.0303030303030303	0.0	3.0303030303030303	0.0	0.0	30.303030303030305	0.0	39.39393939393939	0.0	0.0	0.0	9.090909090909092	0.0	0.0
Resedaceae	2.7027027027027026	2.7027027027027026	2.7027027027027026	0.0	0.0	0.0	2.7027027027027026	2.7027027027027026	2.7027027027027026	0.0	0.0	0.0	0.0	64.86486486486487	2.7027027027027026	0.0	0.0	10.81081081081081	0.0	5.405405405405405
Theaceae	1.2448132780082988	14.937759336099585	0.0	0.8298755186721992	36.92946058091287	1.6597510373443984	3.7344398340248963	2.904564315352697	0.8298755186721992	1.6597510373443984	0.4149377593360996	0.8298755186721992	0.4149377593360996	17.42738589211618	0.4149377593360996	0.4149377593360996	0.8298755186721992	4.979253112033195	8.29875518672199	1.2448132780082988
Zosteraceae	0.0	6.666666666666667	0.0	0.0	20.0	0.0	0.0	0.0	0.0	0.0	0.0	0.0	0.0	20.0	0.0	0.0	0.0	53.333333333333336	0.0	0.0
Cephaloziellaceae	0.0	0.0	0.0	0.0	0.0	0.0	0.0	0.0	0.0	0.0	100.0	0.0	0.0	0.0	0.0	0.0	0.0	0.0	0.0	0.0
Hylocomiaceae	24.0	0.0	0.0	24.0	0.0	0.0	0.0	4.0	4.0	0.0	0.0	12.0	0.0	20.0	0.0	0.0	0.0	12.0	0.0	0.0
Asaraceae	45.588235294117645	0.0	2.941176470588235	0.0	0.0	2.941176470588235	0.0	11.76470588235294	16.176470588235293	0.0	1.4705882352941175	7.352941176470589	1.4705882352941175	8.823529411764707	0.0	0.0	0.0	0.0	0.0	1.4705882352941175
Marchantiaceae	0.0	0.0	0.0	0.0	0.0	0.0	0.0	0.0	0.0	0.0	7.6923076923076925	0.0	0.0	0.0	7.6923076923076925	15.384615384615385	0.0	61.53846153846154	7.6923076923076925	0.0
Blechnaceae	25.49019607843137	1.9607843137254901	0.0	0.0	0.0	3.9215686274509802	0.0	1.9607843137254901	0.0	15.686274509803921	0.0	13.725490196078432	1.9607843137254901	19.607843137254903	1.9607843137254901	0.0	0.0	7.8431372549019605	0.0	5.88235294117647
Dryopteridaceae	0.0	4.878048780487805	1.2195121951219512	0.0	1.2195121951219512	19.51219512195122	1.2195121951219512	0.0	1.2195121951219512	1.2195121951219512	0.0	0.0	0.0	48.78048780487805	2.4390243902439024	0.0	2.4390243902439024	8.536585365853659	1.2195121951219512	6.097560975609756
Thelypteridaceae	0.0	0.0	0.0	0.0	15.217391304347828	8.695652173913043	0.0	0.0	0.0	4.3478260869565215	0.0	0.0	0.0	32.608695652173914	2.1739130434782608	0.0	2.1739130434782608	21.73913043478261	2.1739130434782608	10.869565217391305
Hymenophyllaceae	0.0	0.0	0.0	0.0	0.0	0.0	0.0	0.0	0.0	0.0	0.0	0.0	0.0	37.5	0.0	0.0	0.0	37.5	0.0	25.0
Cyatheaceae	0.0	0.0	0.0	0.0	0.0	28.57142857142857	0.0	0.0	0.0	0.0	0.0	0.0	0.0	28.57142857142857	0.0	0.0	0.0	42.857142857142854	0.0	0.0
Davalliaceae	14.583333333333334	10.416666666666668	0.0	12.5	0.0	6.25	0.0	2.083333333333333	2.083333333333333	0.0	4.166666666666666	8.333333333333332	0.0	27.083333333333332	0.0	0.0	0.0	12.5	0.0	0.0
Capparaceae	3.1746031746031744	4.761904761904762	0.0	0.0	20.634920634920633	3.1746031746031744	3.1746031746031744	1.5873015873015872	3.1746031746031744	0.0	0.0	0.0	0.0	42.857142857142854	6.349206349206349	0.0	1.5873015873015872	4.761904761904762	4.761904761904762	0.0
Cleomaceae	2.4096385542168677	0.0	8.433734939759036	0.0	0.0	7.228915662650602	0.0	4.819277108433735	0.0	0.0	0.0	0.0	2.4096385542168677	62.65060240963856	0.0	0.0	0.0	7.228915662650602	2.4096385542168677	2.4096385542168677
Dunaliellaceae	0.0	0.0	50.0	12.5	0.0	0.0	0.0	12.5	12.5	0.0	0.0	0.0	0.0	0.0	0.0	0.0	0.0	12.5	0.0	0.0
Chlamydomonadaceae	14.285714285714285	7.142857142857142	0.0	0.0	7.142857142857142	0.0	14.285714285714285	14.285714285714285	14.285714285714285	0.0	0.0	0.0	0.0	0.0	7.142857142857142	0.0	0.0	7.142857142857142	14.285714285714285	0.0
Oocystaceae	0.0	0.0	0.0	0.0	0.0	83.33333333333334	0.0	0.0	16.666666666666664	0.0	0.0	0.0	0.0	0.0	0.0	0.0	0.0	0.0	0.0	0.0
Scenedesmaceae	0.0	0.0	0.0	0.0	0.0	0.0	0.0	0.0	100.0	0.0	0.0	0.0	0.0	0.0	0.0	0.0	0.0	0.0	0.0	0.0
Hydrodictyaceae	0.0	0.0	0.0	0.0	0.0	0.0	0.0	0.0	0.0	0.0	0.0	0.0	0.0	0.0	100.0	0.0	0.0	0.0	0.0	0.0
Ulvaceae	8.0	4.0	0.0	12.0	0.0	0.0	0.0	12.0	0.0	0.0	8.0	0.0	0.0	24.0	0.0	28.000000000000004	0.0	4.0	0.0	0.0
Bryopsidaceae	0.0	0.0	0.0	0.0	0.0	0.0	0.0	0.0	0.0	0.0	0.0	0.0	0.0	0.0	100.0	0.0	0.0	0.0	0.0	0.0
Codiaceae	7.6923076923076925	0.0	7.6923076923076925	0.0	23.076923076923077	0.0	7.6923076923076925	15.384615384615385	0.0	0.0	0.0	7.6923076923076925	0.0	15.384615384615385	0.0	0.0	0.0	7.6923076923076925	0.0	7.6923076923076925
Characeae	0.0	0.0	0.0	0.0	0.0	0.0	0.0	0.0	0.0	0.0	0.0	0.0	0.0	0.0	0.0	0.0	0.0	100.0	0.0	0.0
Jungermanniaceae	0.0	0.0	0.0	0.0	0.0	0.0	0.0	0.0	0.0	0.0	0.0	0.0	0.0	0.0	0.0	100.0	0.0	0.0	0.0	0.0
Dennstaedtiaceae	0.0	0.0	0.0	0.0	11.363636363636363	28.40909090909091	2.272727272727273	0.0	0.0	6.8181818181818175	0.0	0.0	0.0	34.090909090909086	0.0	1.1363636363636365	1.1363636363636365	7.954545454545454	3.4090909090909087	3.4090909090909087
Polytrichaceae	0.0	0.0	0.0	0.0	0.0	0.0	0.0	0.0	0.0	0.0	0.0	0.0	0.0	33.33333333333333	0.0	0.0	0.0	33.33333333333333	0.0	33.33333333333333
Funariaceae	0.0	0.0	0.0	0.0	0.0	0.0	0.0	0.0	0.0	0.0	0.0	0.0	0.0	0.0	66.66666666666666	0.0	0.0	0.0	33.33333333333333	0.0
Salviniaceae	0.0	0.0	0.0	0.0	0.0	0.0	0.0	0.0	0.0	0.0	0.0	0.0	33.33333333333333	33.33333333333333	0.0	0.0	0.0	33.33333333333333	0.0	0.0
Dicranaceae	0.0	0.0	0.0	0.0	0.0	14.285714285714285	0.0	0.0	0.0	0.0	0.0	0.0	0.0	0.0	0.0	0.0	0.0	85.71428571428571	0.0	0.0
Ceratophyllaceae	0.0	0.0	0.0	0.0	11.11111111111111	0.0	0.0	0.0	22.22222222222222	0.0	0.0	11.11111111111111	0.0	0.0	0.0	0.0	11.11111111111111	44.44444444444444	0.0	0.0
Mniaceae	0.0	11.76470588235294	0.0	0.0	1.9607843137254901	7.8431372549019605	7.8431372549019605	0.0	3.9215686274509802	0.0	3.9215686274509802	0.0	3.9215686274509802	3.9215686274509802	0.0	0.0	0.0	45.09803921568628	1.9607843137254901	7.8431372549019605
Psilotaceae	9.090909090909092	4.545454545454546	0.0	0.0	4.545454545454546	9.090909090909092	9.090909090909092	9.090909090909092	9.090909090909092	0.0	0.0	0.0	0.0	27.27272727272727	0.0	0.0	0.0	13.636363636363635	0.0	4.545454545454546
Selaginellaceae	0.0	0.0	0.0	0.0	1.0638297872340425	3.1914893617021276	0.0	0.0	3.1914893617021276	6.382978723404255	0.0	0.0	0.0	1.0638297872340425	0.0	0.0	0.0	81.91489361702128	1.0638297872340425	2.127659574468085
Lycopodiaceae	3.9603960396039604	0.0	0.0	4.9504950495049505	2.9702970297029703	0.9900990099009901	1.9801980198019802	1.9801980198019802	0.0	1.9801980198019802	0.0	4.9504950495049505	0.0	33.663366336633665	0.9900990099009901	0.0	0.0	23.762376237623762	17.82178217821782	0.0
Equisetaceae	0.0	1.7857142857142856	0.0	0.0	0.0	0.0	0.0	1.7857142857142856	0.0	1.7857142857142856	1.7857142857142856	1.7857142857142856	0.0	66.07142857142857	1.7857142857142856	0.0	0.0	17.857142857142858	5.357142857142857	0.0
Marattiaceae	0.0	0.0	0.0	0.0	0.0	10.0	0.0	0.0	0.0	0.0	0.0	0.0	10.0	10.0	0.0	0.0	0.0	40.0	0.0	30.0
Dicksoniaceae	0.0	0.0	0.0	0.0	26.666666666666668	26.666666666666668	0.0	0.0	0.0	0.0	0.0	0.0	0.0	33.33333333333333	0.0	0.0	0.0	13.333333333333334	0.0	0.0
Gleicheniaceae	0.0	0.0	0.0	37.93103448275862	3.4482758620689653	3.4482758620689653	6.896551724137931	3.4482758620689653	3.4482758620689653	0.0	0.0	0.0	0.0	31.03448275862069	3.4482758620689653	6.896551724137931	0.0	0.0	0.0	0.0
Polypodiaceae	1.2422360248447204	1.8633540372670807	6.832298136645963	4.968944099378882	13.043478260869565	6.211180124223603	1.2422360248447204	3.7267080745341614	0.6211180124223602	2.484472049689441	1.2422360248447204	1.2422360248447204	0.0	27.32919254658385	0.0	1.2422360248447204	6.211180124223603	15.527950310559005	0.6211180124223602	4.3478260869565215
Osmundaceae	0.0	0.0	0.0	0.0	50.0	0.0	0.0	0.0	0.0	0.0	0.0	0.0	0.0	50.0	0.0	0.0	0.0	0.0	0.0	0.0
Zamiaceae	0.0	0.0	9.090909090909092	0.0	0.0	0.0	0.0	0.0	0.0	0.0	0.0	0.0	0.0	9.090909090909092	0.0	0.0	9.090909090909092	54.54545454545454	9.090909090909092	9.090909090909092
Ginkgoaceae	1.25	1.25	3.75	0.0	1.25	0.0	0.0	2.5	3.75	0.0	3.75	0.0	0.0	43.75	3.75	0.0	1.25	20.0	10.0	3.75
Pinaceae	10.037641154328734	7.779171894604768	1.1292346298619824	12.672521957340024	3.262233375156838	5.897114178168131	1.0037641154328731	5.395232120451694	2.5094102885821834	0.5018820577164366	2.5094102885821834	8.782936010037641	0.37641154328732745	22.58469259723965	2.6348808030112925	0.5018820577164366	0.12547051442910914	9.410288582183187	0.6273525721455459	2.258469259723965
Gyrothyraceae	22.22222222222222	0.0	0.0	33.33333333333333	0.0	22.22222222222222	0.0	22.22222222222222	0.0	0.0	0.0	0.0	0.0	0.0	0.0	0.0	0.0	0.0	0.0	0.0
Podocarpaceae	3.4334763948497855	0.0	3.862660944206009	7.296137339055794	14.163090128755366	3.004291845493562	0.4291845493562232	1.7167381974248928	0.8583690987124464	0.4291845493562232	0.4291845493562232	0.0	0.0	37.76824034334764	0.4291845493562232	0.4291845493562232	0.0	23.605150214592275	0.0	2.1459227467811157
Cupressaceae	11.363636363636363	4.292929292929292	5.555555555555555	15.782828282828282	5.05050505050505	1.1363636363636365	0.6313131313131313	7.196969696969697	1.6414141414141417	0.25252525252525254	0.25252525252525254	5.808080808080808	2.398989898989899	13.257575757575758	1.0101010101010102	1.1363636363636365	1.2626262626262625	19.82323232323232	0.5050505050505051	1.6414141414141417
Gnetaceae	0.0	0.0	13.88888888888889	0.0	5.555555555555555	2.7777777777777777	0.0	11.11111111111111	11.11111111111111	0.0	0.0	2.7777777777777777	0.0	19.444444444444446	0.0	0.0	0.0	30.555555555555557	0.0	2.7777777777777777
Ephedraceae	7.2992700729927	2.18978102189781	0.0	0.0	9.48905109489051	18.248175182481752	2.9197080291970803	8.02919708029197	1.4598540145985401	0.0	0.0	0.0	0.0	32.11678832116788	0.0	0.0	0.0	12.408759124087592	2.9197080291970803	2.9197080291970803
Cycadaceae	0.0	12.5	0.0	0.0	18.75	6.25	8.333333333333332	0.0	0.0	0.0	0.0	2.083333333333333	0.0	31.25	0.0	0.0	0.0	20.833333333333336	0.0	0.0
Magnoliaceae	7.755102040816326	2.6530612244897958	16.3265306122449	0.20408163265306123	1.2244897959183674	0.6122448979591837	1.2244897959183674	11.428571428571429	15.306122448979592	3.2653061224489797	0.6122448979591837	23.46938775510204	1.0204081632653061	8.36734693877551	0.20408163265306123	0.0	0.20408163265306123	2.857142857142857	0.6122448979591837	2.6530612244897958
Winteraceae	0.0	0.0	0.0	0.0	19.047619047619047	33.33333333333333	4.761904761904762	0.0	14.285714285714285	0.0	0.0	0.0	0.0	14.285714285714285	0.0	0.0	0.0	14.285714285714285	0.0	0.0
Canellaceae	1.4084507042253522	0.0	0.0	0.0	0.0	0.0	0.0	2.8169014084507045	0.0	0.0	2.8169014084507045	0.0	0.0	77.46478873239437	0.0	9.859154929577464	0.0	4.225352112676056	0.0	1.4084507042253522
Calycanthaceae	12.5	0.0	0.0	0.0	0.0	0.0	4.166666666666666	4.166666666666666	0.0	0.0	0.0	0.0	0.0	16.666666666666664	16.666666666666664	0.0	0.0	41.66666666666667	0.0	4.166666666666666
Lauraceae	6.425702811244979	4.337349397590361	23.694779116465863	0.8835341365461846	3.6947791164658637	3.0522088353413657	2.570281124497992	6.184738955823294	4.578313253012048	0.9638554216867471	0.48192771084337355	8.835341365461847	1.2048192771084338	20.0	0.321285140562249	0.08032128514056225	0.7228915662650602	7.630522088353414	0.8032128514056224	3.5341365461847385
Ranunculaceae	4.589528118939883	1.7453135100193924	21.525533290239174	1.0342598577892694	18.293471234647704	2.262443438914027	3.038138332255979	3.490627020038785	2.5856496444731736	2.9088558500323205	0.5171299288946347	1.9392372333548804	0.6464124111182934	18.74595992243051	0.7756948933419522	2.3270846800258567	1.1635423400129283	8.661926308985132	0.7756948933419522	2.9734970911441496
Menispermaceae	0.21390374331550802	4.171122994652406	69.30481283422459	0.10695187165775401	4.598930481283422	3.4224598930481283	1.8181818181818181	0.42780748663101603	1.2834224598930482	0.7486631016042781	0.6417112299465241	0.10695187165775401	0.42780748663101603	5.454545454545454	0.10695187165775401	0.10695187165775401	0.42780748663101603	5.133689839572193	0.32085561497326204	1.1764705882352942
Coriariaceae	0.0	81.81818181818183	0.0	0.0	0.0	0.0	0.0	0.0	0.0	0.0	0.0	0.0	0.0	18.181818181818183	0.0	0.0	0.0	0.0	0.0	0.0
Papaveraceae	0.39920159680638717	0.5988023952095809	82.43512974051896	0.0	1.66333998669328	0.8649367930805056	0.665335994677312	0.19960079840319359	0.5322687957418496	0.2661343978709248	0.5322687957418496	0.19960079840319359	0.1330671989354624	5.788423153692615	0.19960079840319359	0.9314703925482368	0.4657351962741184	2.19560878243513	0.5322687957418496	1.3972055888223553
Ulmaceae	2.941176470588235	0.0	0.0	0.0	19.11764705882353	8.823529411764707	7.352941176470589	2.941176470588235	0.0	0.0	0.0	0.0	0.0	41.17647058823529	1.4705882352941175	0.0	5.88235294117647	8.823529411764707	0.0	1.4705882352941175
Cannabaceae	9.174311926605505	0.9174311926605505	0.0	0.0	2.7522935779816518	7.339449541284404	5.5045871559633035	18.34862385321101	3.669724770642202	0.0	0.0	2.7522935779816518	2.7522935779816518	17.431192660550458	0.0	5.5045871559633035	0.0	18.34862385321101	1.834862385321101	3.669724770642202
Moraceae	2.0972354623450906	4.671115347950429	1.6205910390848426	0.2859866539561487	4.28979980934223	11.1534795042898	3.4318398474737846	2.3832221163012393	0.7626310772163966	1.334604385128694	0.667302192564347	2.19256434699714	0.47664442326024786	15.538608198284079	0.3813155386081983	0.09532888465204957	0.47664442326024786	38.989513822688274	0.5719733079122974	8.57959961868446
Urticaceae	0.9803921568627451	31.372549019607842	0.0	0.0	11.76470588235294	0.9803921568627451	3.9215686274509802	0.9803921568627451	1.9607843137254901	1.9607843137254901	1.9607843137254901	0.0	0.0	27.450980392156865	2.941176470588235	0.0	0.0	9.803921568627452	0.9803921568627451	2.941176470588235
Fagaceae	3.1553398058252426	25.485436893203882	0.24271844660194172	0.0	10.922330097087379	2.669902912621359	5.339805825242718	2.912621359223301	1.4563106796116505	4.12621359223301	0.48543689320388345	1.2135922330097086	0.9708737864077669	24.271844660194176	1.2135922330097086	1.2135922330097086	0.48543689320388345	11.165048543689322	0.7281553398058253	1.9417475728155338
Betulaceae	0.7751937984496124	8.13953488372093	0.0	0.7751937984496124	14.34108527131783	8.914728682170542	15.503875968992247	0.3875968992248062	1.1627906976744187	1.1627906976744187	0.0	1.1627906976744187	0.0	32.55813953488372	0.7751937984496124	0.0	0.3875968992248062	11.24031007751938	1.1627906976744187	1.550387596899225
Casuarinaceae	0.0	37.93103448275862	0.0	0.0	20.689655172413794	0.0	0.0	0.0	0.0	0.0	0.0	6.896551724137931	0.0	31.03448275862069	0.0	0.0	0.0	3.4482758620689653	0.0	0.0
Phytolaccaceae	0.0	17.613636363636363	0.0	1.1363636363636365	59.09090909090909	0.5681818181818182	1.1363636363636365	0.0	0.5681818181818182	0.0	1.1363636363636365	4.545454545454546	0.0	7.954545454545454	0.0	0.5681818181818182	0.0	3.977272727272727	0.0	1.7045454545454544
Nyctaginaceae	0.0	0.0	1.9607843137254901	1.9607843137254901	9.803921568627452	5.88235294117647	1.9607843137254901	0.0	1.9607843137254901	0.0	3.9215686274509802	0.0	0.0	43.13725490196079	0.0	13.725490196078432	0.0	11.76470588235294	0.0	3.9215686274509802
Aizoaceae	3.1578947368421053	0.0	6.315789473684211	0.0	4.2105263157894735	2.1052631578947367	0.0	3.1578947368421053	5.263157894736842	0.0	6.315789473684211	8.421052631578947	8.421052631578947	35.78947368421053	0.0	0.0	1.0526315789473684	12.631578947368421	1.0526315789473684	2.1052631578947367
Caulerpaceae	3.0303030303030303	15.151515151515152	0.0	0.0	0.0	0.0	0.0	3.0303030303030303	0.0	54.54545454545454	0.0	0.0	0.0	24.242424242424242	0.0	0.0	0.0	0.0	0.0	0.0
Dichotomosiphonaceae	11.11111111111111	16.666666666666664	0.0	22.22222222222222	5.555555555555555	0.0	5.555555555555555	0.0	0.0	0.0	0.0	0.0	11.11111111111111	27.77777777777778	0.0	0.0	0.0	0.0	0.0	0.0
Cladophoraceae	0.0	0.0	100.0	0.0	0.0	0.0	0.0	0.0	0.0	0.0	0.0	0.0	0.0	0.0	0.0	0.0	0.0	0.0	0.0	0.0
Chlorellaceae	14.285714285714285	0.0	0.0	0.0	0.0	0.0	14.285714285714285	0.0	0.0	0.0	0.0	0.0	0.0	28.57142857142857	14.285714285714285	14.285714285714285	0.0	0.0	14.285714285714285	0.0
Haematococcaceae	0.0	0.0	0.0	0.0	33.33333333333333	0.0	0.0	0.0	0.0	0.0	0.0	0.0	0.0	66.66666666666666	0.0	0.0	0.0	0.0	0.0	0.0
Amaranthaceae	0.0	0.7042253521126761	0.0	0.7042253521126761	42.95774647887324	4.225352112676056	4.929577464788732	5.633802816901409	2.112676056338028	3.5211267605633805	1.4084507042253522	0.7042253521126761	0.7042253521126761	18.30985915492958	0.0	0.0	0.0	9.859154929577464	1.4084507042253522	2.8169014084507045
Caryophyllaceae	0.0	0.5586592178770949	3.910614525139665	1.9553072625698324	34.63687150837989	2.2346368715083798	3.35195530726257	0.27932960893854747	0.8379888268156425	0.5586592178770949	0.8379888268156425	1.1173184357541899	0.27932960893854747	10.335195530726256	0.0	2.2346368715083798	0.27932960893854747	33.24022346368715	0.5586592178770949	2.793296089385475
Portulacaceae	6.8181818181818175	2.272727272727273	4.545454545454546	2.272727272727273	13.636363636363635	4.545454545454546	2.272727272727273	9.090909090909092	0.0	13.636363636363635	0.0	0.0	6.8181818181818175	13.636363636363635	0.0	0.0	0.0	15.909090909090908	0.0	4.545454545454546
Didiereaceae	0.0	0.0	0.0	0.0	0.0	0.0	0.0	0.0	3.4482758620689653	0.0	0.0	0.0	0.0	72.41379310344827	0.0	0.0	0.0	24.137931034482758	0.0	0.0
Basellaceae	6.25	0.0	0.0	0.0	81.25	0.0	0.0	6.25	0.0	0.0	0.0	0.0	0.0	0.0	0.0	0.0	0.0	0.0	6.25	0.0
Molluginaceae	0.0	0.0	0.0	0.0	22.22222222222222	2.2222222222222223	8.88888888888889	0.0	2.2222222222222223	0.0	0.0	4.444444444444445	4.444444444444445	22.22222222222222	0.0	0.0	4.444444444444445	24.444444444444443	0.0	4.444444444444445
Cactaceae	1.282051282051282	2.8846153846153846	11.538461538461538	0.0	16.98717948717949	15.705128205128204	5.769230769230769	1.6025641025641024	1.282051282051282	5.128205128205128	0.3205128205128205	0.3205128205128205	0.0	20.51282051282051	0.641025641025641	0.3205128205128205	0.641025641025641	8.974358974358974	1.9230769230769231	4.166666666666666
Vitaceae	4.504504504504505	15.315315315315313	0.0	0.0	11.711711711711711	0.9009009009009009	6.306306306306306	10.81081081081081	1.8018018018018018	2.7027027027027026	0.0	0.9009009009009009	0.0	34.234234234234236	2.7027027027027026	0.0	0.0	7.207207207207207	0.0	0.9009009009009009
